27119
27064
26960
26900
26815
26656
26575
26465
26400
26319
26168
26069
27119
27064
26960
26900
26815
26656
26575
26465
26400
26319
26168
26069
26005
25940
25837
25649
25596
25463
25412
25276
25105
25035
24918
24855
24736
24583
24474
24368
24304
24216
24023
23972
23807
23724
23622
23376
23281
23190
23137
23016
22817
22726
22622
22548
22431
22249
22148
22034
21986
21853
26436
25958
25411
24888
24454
23767
23544
23526
23511
23501
23148
22583
22003
21433
20878
20320
19797
19274
26589
25930
24857
24114
23549
23540
22836
21981
21453
19489
26612
26137
25617
25072
23990
23555
23536
23512
23341
22798
22218
21616
21456
21455
19955
19454
18885
27050
26486
26020
25652
24533
23850
20413
19852
19374
18812
26626
26150
25614
23986
23533
23506
22772
22189
21069
20535
19445
18867
27203
26665
26177
25143
24616
24077
23378
22883
22273
20057
19549
26195
25731
25168
24632
19252
18706
26838
26369
25342
24787
24268
23664
23548
23539
23508
23500
23047
22490
21332
20800
20208
19697
19147
18620
27118
26525
26038
24992
24455
23954
23552
23541
23529
23513
23502
23216
22678
22094
21522
20943
20410
19834
19332
18782
27042
26528
26057
25473
24936
24427
23888
23611
23542
23534
23514
23504
23242
22715
22316
21551
20412
19865
19378
18811
26833
26341
25855
25296
24775
23032
22480
27330
27376
27336
20728
20193
19670
19143
18707
