
2035
2032
2031
2030
2043
2042
2041
2040
2051
2050
2049
2048
2047
2046
2045
2044
12293
8684
8436
7682
5983
5288
4337
3628
3085
2392
18228
17578
10417
10253
10151
8638
8029
7926
7616
7480
7198
6810
6782
6448
6381
6056
5359
4970
4878
4839
4591
4217
4003
3525
3320
3216
2984
2811
2495
2311
18218
17575
17091
16597
16204
15532
15200
14839
14411
13967
13485
13066
12647
12226
11811
11548
18454
17345
16323
15618
14857
14436
13448
12765
11914
11528
18400
17809
17242
15962
15284
14961
14574
13610
13195
12797
14086
13758
11237
11074
9712
9112
8950
18300
17698
16669
15909
15583
15247
14909
14492
14026
13552
13133
12707
12286
11895
11575
16320
13509
13186
12350
11613
17337
16781
16267
16022
15331
14615
14156
13270
12834
12403
12022
11652
18203
17095
16198
15854
15188
15120
14895
14780
14475
14010
13925
13537
13134
12648
12291
11893
11533
11423
18063
17505
16996
16539
16111
15816
15459
15163
14779
14379
13872
13415
12979
12561
12151
11779
13980
17669
17147
16653
16251
15894
15570
15240
14900
14462
14003
13593
13114
12703

18315
17649
17339
17019
